6.18405012385921
0.856767245809663
0.107640498756305
0.32740510216386
0.647588816140412
5.1643902798856
0.0555947330788824
0.0732619114175512
0.340374983771272
0.29090479364584
0.0080134341108303
0.383913142808599
5.56671240233364
0.746937033086509
3.76205689927017
6.25938271487779
6.25218332472047
6.19241022881579
0.190992919091327
0.113244276451622
4.33192829558044
0.0619542132957406
5.5170011697865
0.307400012700351
5.85899584780955
0.208243681020005
6.20386679918483
0.481013830943916
0.485223418228888
0.84346884229479
0.200778701271807
0.215682245860233
0.480178079077886
0.290381013108956
0.142938529019329
5.70428321537587
0.584226584006305
0.393959327298353
5.12678631848975
0.0659006341196414
0.0220390329037864
5.73608711723943
5.82641668666238
0.0317986373559715
0.204872175251259
6.26083862754085
0.374360069633834
1.12889236825529
0.372154952607037
5.73271346662986
0.347608768346287
0.544863079877657
6.12232315750674
5.56015641169946
0.754781364524675
6.28006977289495
5.38731156092356
6.18943937847341
6.26316849228705
5.40306593855801
5.12543018610366
6.24539717459918
6.25425107614307
0.44265832638109
0.647985404437709
6.14430808510078
6.1080135263644
0.534766699745532
0.516072344353287
0.71204809316335
0.0168760171816098
5.83950155940807
0.463448403942082
6.26911866326161
5.31349611557774
0.261866391702886
0.617196228592405
1.03983326375931
0.557136178430852
6.14394328270103
0.67457313008365
6.20066074578705
0.130751829114109
5.5409732376731
0.0736203625573767
0.912362718034013
0.219897332189468
0.0330735850223394
5.96251201828439
5.94079446264896
0.299641682511631
0.105392606938848
5.58144002302139
0.137272829788899
1.27974264497161
1.18202248806799
0.103672801671813
0.84994129997592
0.246692676123577
0.979869683813928
0.819867642453071
6.21652942417274
1.22941800750885
5.98265538366363
1.25081841003025
5.39726202100479
4.04037264987946
4.97551305709465
0.634814788106232
0.29569573459252
6.22137616706075
6.16924122350452
5.28214761372243
0.678001937337457
6.21866256741888
0.198227961823128
0.559856001993678
6.23239708346639
0.247443622979385
0.215918391362984
0.0384238150446495
0.418667712373859
0.789672902306499
0.195844677221041
6.22778888971639
4.95623342577759
6.13657352194294
6.20237086515122
5.16332816141479
0.431371853747775
4.72053453117359
0.627797518993704
0.264162667206727
6.1401044145344
0.529592993781556
6.19148353232857
1.23975639198918
0.833270465110967
0.106747924189546
0.307778127428523
5.40441171724309
6.18095076058341
0.308904306176786
0.34952246514928
6.1797908270011
0.419250787874245
5.72826969048698
6.18258800764062
5.20810912633874
0.112497708173173
0.125432568733196
6.25132098819608
0.21817914037784
6.14872273904111
0.6498252816433
5.93657805544264
5.93708032765519
6.22168396514754
0.0666602523254087
0.0504353501337819
5.38006952545494
3.52050301134905
6.18258236308202
0.657651961967143
5.44633636872545
0.152106338088102
0.397116934381078
0.7457124081995
0.484916382460284
0.721348502316473
6.08511083680989
0.253984904556091
0.356324801331098
0.00220913567988928
5.33790548904678
0.480693708747516
0.192511687666623
0.106767452250742
0.252766892199443
0.471913233821777
0.237185711982879
0.535027195200289
0.51958327370413
6.09047953663822
0.0957426640295285
0.0168055129710004
5.79237408537046
0.884768682813306
2.10771147804369
5.35544268282935
5.46278064270107
6.24483411416226
0.565676655073494
6.2098469664958
5.96394944732342
0.563639899592408
0.56552825281047
5.06093994900498
6.24561446414643
0.405768502240909
6.20581889177771
0.702602239189045
6.1327109044715
0.257013609702429
4.65947905569777
6.12200160358599
6.10082227532993
0.822363622069151
0.144980942589229
0.466169526508534
0.125231920196977
0.896765162148202
0.341556193649616
0.210170972407027
0.376551373621766
0.161839938957446
5.05373015425089
0.438392204793024
0.256141923322439
0.195838751056686
0.596032123697487
0.239290531130321
0.428279026006578
0.390871936975202
0.76990534659227
0.323907225887446
6.22056138034915
6.21837680339637
6.25494438931814
0.499182309885223
0.388782758260551
0.613792178346245
6.01028187386896
5.98256461254731
0.312561867160233
6.2189550372953
6.14220655936839
5.72404001210251
0.207953352455888
0.803401272276114
0.33546169367957
6.21066535170261
0.469254459293007
0.9142418274264
6.20984242252273
0.611779879346342
0.142840892909648
4.61706398384998
0.402734953365704
0.0285272695404219
0.0394119440800651
0.620397453210589
0.517050516791166
0.0995589167500573
6.23086812922567
5.75637706063214
0.183790311021849
0.505127245884933
5.491170963362
0.0682598849047831
5.96577806508593
1.76592301890576
6.07035743920966
0.0236472791804125
0.50890049238502
0.762531535745737
0.321634265712664
5.96874544357833
6.25302639342121
0.329481052078663
0.103893849223566
0.373816039534776
6.16636573496551
0.0716723895322564
0.238276865371529
0.0650890655007511
0.393095058074876
6.0426647162487
0.0245851567090375
0.735707223149515
0.585210338681872
5.90575770703512
6.05039650403247
0.427032270907393
0.233399942365025
0.0510217715896363
0.429649076742283
0.488545859415981
0.648663116146726
0.414097153285511
0.708152851894895
6.13647385003875
0.41841926627215
0.515707604121074
0.181467061208128
6.24544786794531
0.266404566363282
0.545386310924515
5.83838835329499
0.412553425223559
0.157383583562096
0.201844214944034
5.77751836727175
6.11938049148068
5.29216393536187
0.100735521132465
0.979704122865949
6.26122079363379
6.17328442179337
0.364955085298701
0.533824793093262
0.158265937846542
6.1830229650477
5.76100533558795
5.63633606096768
5.94609016781963
6.20444083787578
0.0490478829845533
0.528285269679298
6.00544263600554
0.674872063731312
0.696253935791813
0.898923451437639
5.57317896418504
6.02475312139143
0.134976615096195
0.43936018261585
0.168344388147459
0.357039428482526
0.32450237415868
6.26324115295008
6.15978619253745
6.16698693780148
0.395485295729154
6.08312946182981
1.26809266482984
5.98193013137204
0.355890555336754
6.14941270285463
4.91037382014188
5.89984646361198
5.54310938958905
0.0188055669597268
5.62593539840112
0.330684752404999
5.73661539644319
5.98350982194602
5.90066298067943
4.49576289481128
6.10436666280245
0.0105978196703073
5.64404625309219
5.11124287604838
6.0414175667158
5.4769310926933
0.13201314244757
4.94582765247617
5.8223317220376
0.2220831892235
0.260180321052833
0.117097607251077
4.84333372228259
5.9532939792856
0.0171407562257537
5.96759044222967
5.76204201838842
5.65810083654406
6.25746992479281
6.00290119212093
5.90051398380114
5.89492391464299
1.36308193281593
5.84320645839315
5.87878284860953
0.244942738259128
1.10932800859023
5.91810870712338
5.85289622140842
6.07512197795789
6.25709038316636
5.81795967372929
5.50312349450653
0.516227469022616
0.0291655726503182
6.25793755087659
1.00084137798301
5.76645296092226
5.83346833236241
5.48588489956665
0.249449204400692
6.20534840193833
0.196402346379722
5.81065512050813
5.21640389681997
0.33721032245813
5.03946954748614
5.82610919860089
1.08571801991648
0.400336035179738
6.22680212063343
4.17507919984466
4.46234183128927
5.69768713037782
5.92236519422524
5.91813890439818
5.77749800710949
5.75310120886982
5.66790124051718
0.070353538452081
5.66024359082533
5.77727936523507
1.25867571157298
5.68636915858375
5.65008693136318
5.71869742688108
6.08800323307674
5.97974058688149
5.7359823146733
5.61182484338637
5.42325004873437
6.15229903325852
5.8057952509107
6.23845486808464
6.00506857880382
6.11224938230053
0.272947673639001
0.216012980906352
5.71368434795234
2.52784846488471
0.308568764584592
0.124052427079223
5.94862330743222
6.25731765083272
5.79053717908606
6.08948657225915
5.80726602077433
5.64772352325892
1.43331859060208
5.91837076914123
0.274448052306818
6.16301506303915
5.67714346134498
5.68490594142316
0.234845586328919
5.81741060777208
5.91605097499935
6.00644470568699
0.230638689042489
5.51246989382997
0.69564007887077
0.413605736093598
6.13083614985927
4.57064407870443
5.98874005572339
0.143219567570422
0.140602143042363
6.16777252314262
6.27430124380538
0.176485064114563
0.641159962764362
4.50883886653596
6.01043596376797
5.6552763263368
5.75865804681307
5.34857173922432
5.57206508110486
0.209834839617272
5.93940600061321
5.79486656384065
5.87153507067265
6.16738126015931
0.14342978465458
5.95208709558435
5.72942774463589
5.90732479671644
5.77394325528953
5.92458901073486
0.0236926309688004
5.67863372513144
0.00362675357085629
0.380601373088632
5.36400495102209
0.0256571995119084
0.196907169047449
5.3728822307351
5.79299783735604
1.46216278291837
5.73567895036014
5.61854312653263
1.07731072562034
5.76632604079615
5.81037910375431
6.28261844362209
5.4121040926603
5.41307035955969
1.33154082560733
6.06913451091598
5.93230820405422
0.446328025643488
5.78592054338444
5.6227861933978
5.19383570292819
5.63877052076057
0.264892010833086
5.92302963906958
5.81589277875644
5.89722012269434
5.48871083109745
5.98962582570531
6.2116179226186
5.53913550517018
6.12462758980708
5.80314422780085
6.12674649423085
5.53847738639747
6.12759302044475
5.68722250009786
5.51158349292186
5.90682869942051
5.56372519885775
5.85856974895794
6.26649223911014
5.90978474186204
5.39923239785433
6.17246827360002
5.80942554751841
1.3028459476696
6.27438224403978
0.223624279637106
5.6312241565
1.42097237641841
0.0830058912047558
5.14142859825154
5.56913500627737
0.961142603983374
6.06329512158215
5.60155789088439
7.28521991555375e-05
6.15035181584854
0.883257592653755
6.2784290316826
0.469632008259627
0.0446428424499763
0.283421063877534
6.01747469190651
0.203010644234167
0.133852485859355
5.79361844884752
0.659904597114598
9.60997100185601e-05
5.52581181386022
6.1823347973583
0.00864726347803502
5.41057551249816
4.46448779566034
5.98661646718886
5.72597396284118
5.78863819099671
4.48226649402843
6.08030651764012
1.93357297148627
6.0396075642373
5.38746787887072
6.24739623684868
5.86034981760192
5.74851762996578
6.25159613864012
6.04585407273623
5.81714954400213
6.02596913938642
6.16785122478315
5.67906279237845
0.0336319700624137
0.939218559619458
0.523569851821044
5.96739942065934
6.17441671875378
5.93823368844167
0.100657254281171
5.40438596042241
6.05013709270474
5.94336187875254
6.04155153514655
5.6159295341827
6.25088836748163
5.82617675532983
0.070889436688137
1.20086656013356
0.00884311020360262
5.78465183890254
0.6799841439434
0.531998917131122
5.81869792763253
0.435247774326315
0.00696724530421222
6.10955778049795
2.17771612703202
1.40125361109705
5.72357419243597
1.08081899304418
5.46520844093636
0.755042060848758
5.6907652219353
0.702033793850155
5.64111971015996
5.857721793707
5.90223177712388
5.96746625154498
0.0178690083547124
5.79225375314549
0.577522381775175
1.34208697821513
6.27236953255145
5.22626091899027
0.0692557891112573
5.50924144233145
0.0852022525115181
5.80050758082372
5.01452357765221
0.808440728388484
5.87298012442559
0.0212408787782377
5.95861986389092
5.75698327574151
0.103964412527025
5.60011277720598
5.51862514563844
5.79068252307697
0.624713505219086
6.13906536347953
6.22072255576603
5.79939281164063
0.552067860448471
5.25121294954411
5.97100641783397
0.937130864273719
5.88941366955213
4.86969686231545
0.533500338423529
6.2539082534088
4.87078836577758
5.71602370128511
5.73158593576462
0.886936027998779
0.255495270753094
0.106454199193663
6.04088450713257
5.67972970262609
0.231364882554595
6.2450209616152
5.69558842218563
5.44031383927153
5.54144107103952
5.70493016566763
5.80557385943007
0.0419310186307817
6.1110501883403
6.28096948996474
0.504650456936174
5.91116990070275
0.31607895544896
0.0204811215784486
5.77996350342556
5.40463562622376
6.22602604695461
6.23835515365269
5.863375114103
6.26849412747235
0.762646571656669
6.12833485112618
6.16826030266204
5.92529253749215
5.73937172648896
5.76584480725681
0.636879057332254
0.0139640058878703
0.115176003187819
6.2468165043883
0.0427511962132772
5.99713587794576
0.500176327759598
6.12130955099024
5.70787805092927
0.988104496494363
0.0311874259895943
0.551867399097601
6.09248599459951
6.07990410044896
0.0292647496141496
0.768143775136492
5.93513221873504
0.975670502796011
0.999963269282989
0.698487830617311
0.0902202483644414
1.5109271343012
6.07162774221723
1.00944308415593
0.258389621363649
5.62966721623048
5.69405042288717
0.020633238767884
0.182367127941158
5.54164722482733
0.0978418443972549
5.15244364373346
0.381514775576746
0.522785136684961
6.12823788581355
0.00474387738045445
0.747945654652904
6.27665160691335
5.78166254725163
5.17030356975071
1.41948068111533
5.93986972344641
0.513809737578454
0.344379095416065
0.656723059777506
0.220646143183001
0.927885445057031
6.2615538231388
0.643547372622899
0.773852352330218
5.57701921887913
0.0838113142957011
0.0648219480105847
5.98209491353133
0.10681167318516
0.673278482107692
0.00564654375238005
5.47182195763759
0.463883303161483
0.0522756333648553
5.83186445268104
6.25835977031814
0.0434734861941959
1.20031052564505
0.646409036601733
5.15302434755617
6.03506954618582
1.02526695527446
0.614871992809936
0.792664412863082
6.05446565254151
0.589008118325239
5.61332044158049
0.428786310199717
6.26390403041966
5.71916981480854
0.0380809904467301
5.97136536549282
6.14780416814671
4.06062210687418
6.10530890664376
0.221606896804262
0.281655771092869
0.590689071808555
5.84836424283962
1.08921743925437
1.00954268131831
6.20152656740275
5.64365351052378
5.91139533416728
6.20241632538631
0.15457249360734
0.0125385066839308
0.0327057377245858
0.978143932026114
0.709222859482926
5.04412011000007
5.48915634361839
1.0137884607676
6.1627710425873
5.61823532253117
5.74224794894469
5.37838297389937
5.8474731587336
0.0278074927152883
5.91952078590791
5.37687331862558
0.301529616917307
0.214905898678654
0.0166602155665236
0.344402590651498
0.481513684560341
0.00768232741378405
0.368309813566108
0.0484514653368522
0.252001752027229
0.517286510897056
6.27423832036564
0.831312781498126
5.75851039479468
5.56371826109078
6.25820508139883
0.54350528507329
0.341448295783543
0.477354840121778
0.051844840151307
5.67910204238718
0.0118423611573815
0.358637166485103
0.0180572610288621
0.36196006564073
6.26664716654343
5.50556971019901
0.162399446658041
0.313723531037579
0.428506623340164
0.315577401055231
0.0298026826083411
5.70463734001753
0.382518220600896
0.814541782079234
0.0508366330875705
0.540902668166995
5.59047825633583
0.259745522588474
5.73500378499454
0.0510910213149449
0.368482276277254
5.84373969076765
5.88691831200858
5.6383607834018
0.744250271902571
6.21671072408602
6.26661647853631
6.21722910400521
0.352812495112744
5.63010842932547
5.64137774817712
6.06874522995876
5.56601446193935
0.441161152387261
0.476202420949742
0.0350582262652956
6.21347552735431
0.00143841377122134
0.330266136256708
0.230064391069
5.74011353920923
6.19293999977189
6.26986177425766
0.000856848175111891
5.16592014628298
6.2578898858796
0.0856771683284145
0.733194587806682
0.675207138035478
0.145629584908019
0.31819240053173
6.23466873282067
1.07387985453206
5.57080973374374
0.153418980126337
6.12693551783041
6.26345041553496
6.25212748872103
4.82331297608965
0.693031582416555
0.652064593115659
0.606423760080993
0.482383988599408
1.56427723573022
6.15326454837167
0.588076693921247
0.972550866659863
0.0280296185383893
5.37242115372167
0.69466664310699
0.631563322596848
6.2143928708471
5.92042957928268
6.00422002182695
0.167313236270519
0.139607902666121
5.44049538258559
6.1859108483176
0.36263426882467
0.0890347207687214
6.26888137719866
0.439483447109226
0.811442601126938
0.29834418042514
1.04166556787958
0.381046531272891
0.734742615413094
0.373290407714799
5.50026508785148
0.333954615307442
6.00397576157861
0.811062483836348
0.772940857262871
5.69599863696203
0.151005129002481
0.473407119866894
5.68782013503047
0.274450121316378
0.233321716670128
0.126348132472922
0.77657698939568
0.48626489174952
5.7403918279535
0.0246090517841284
6.18486326068707
6.22318428622363
5.39021801666023
1.95274398726128
0.0766363749617498
0.160076983647325
0.43141935286954
1.04576194271042
6.27556120944368
0.393863475959641
0.534242204561997
0.152691921166039
0.696729307951008
1.26391741878538
0.781082750150749
0.430187689704155
0.35603784037964
6.26650780975167
0.116095258052034
0.593412160171117
5.68164051248685
6.26021142905279
0.587875438423523
0.508413146894087
6.19996094438182
6.2671969930579
0.0842040576711749
0.304927816163041
0.470536129826977
5.37918924486663
0.585287686759254
0.119152156462741
0.641442962861926
0.298189622043118
6.22393385110304
6.28214732221712
0.349942429418193
0.12439056491039
0.54432267244398
0.643593653315057
6.28148223715173
0.103524423705671
6.23782936570376
6.24884628370146
0.943351607195088
0.389167305590223
0.740788473038976
0.237380916977208
0.421235800475377
5.65553669580744
0.846297786130167
0.0050580964586433
6.1777534119659
5.76759976127826
0.00277389809917672
0.689859170691958
6.05975531858097
5.8994644330563
0.61681232873704
0.87596771671373
0.361779846806144
6.22624207333591
0.362842640601412
6.24598504062677
0.500512814755899
5.72255840185226
0.464432306586204
0.0582963607283109
0.96997397153443
0.136374311412907
6.09574765776494
0.490207434978013
6.25766295442351
0.296741298059754
5.31554333425707
0.907541753170506
0.81440289874308
1.44219795955476
6.27580043050369
0.491799067578869
0.0110657819844444
1.42784717184393
0.140253662105961
0.444714389476601
0.608694171604893
6.21153420078152
0.233951636479048
6.02530230571115
6.27041040413496
5.7376532407286
6.14009471293825
0.42739320615463
0.924140654929333
5.6098415909295
5.49567405374484
0.399009701622022
0.455367248178317
6.1703210681591
0.864171505465255
5.95393415351021
0.0190046205702952
6.18003448002662
0.991282822577498
0.659522115472902
6.18877810951919
0.625146050111918
0.301613428649599
0.715275677204875
5.86133165083793
0.448994820920052
0.230662695580162
0.00519703309861086
6.24092639890037
6.26583817059111
0.309898487049065
5.11284394295446
5.9839449133269
6.08204492223108
0.277873116911397
0.319582516276935
0.96310143801494
0.385284354322301
0.024539219313825
0.304338528489469
0.767450418539024
0.0078019275802188
0.334242542664335
6.02392090841743
0.778496565931756
6.14072731094959
0.413130035534157
0.213935030305156
0.705078880181193
0.271436175705921
1.0103516390447
0.31095736830857
6.20461429758436
6.16153311716472
6.04287962962851
0.605153533334888
1.51706401066404
6.19990015314595
0.647346828791648
6.0181236000953
0.190192301631773
0.0276949633012042
0.214994226986468
0.492940722655407
0.149325895677978
0.508919694322296
0.0883870319347497
0.23089965242721
6.1352593241386
0.515803361307391
1.75789261307345
0.600744502261038
0.539491352791203
0.53353003971296
5.38574444519264
0.367818999215666
0.199572475005645
0.583423116559547
0.173426473362776
0.129689943542225
0.837359794058066
0.278936984044148
0.115754753391093
1.46109960903883
0.503017408920961
0.312008652509846
0.361712676887494
0.0906199980540057
6.02504603027468
0.104530539631647
2.34864449013525
0.0918017801417959
0.551511862270452
0.48159915150781
0.173410191279398
0.608812341030826
5.94815901653621
0.571239463997497
0.902977555124116
6.09139958306212
0.952777157896872
0.0921474775547051
6.14944039312105
1.10667312558771
0.276497050581427
6.26337332156978
0.0792484507393361
0.292331619290227
0.579315674138577
6.00785424709272
6.14300223380019
0.0377479712335236
0.382493544162234
0.234600451085209
0.495119546462781
0.25472643315459
6.1565884485395
0.265374377924777
6.20900899456099
0.595798299045345
6.09816731433196
0.524383249107158
0.380927444940841
5.92109880464421
1.17726070935057
0.0410877815387709
5.81632293434785
0.255939455309881
0.178210603092222
5.71848261513031
5.4132104108113
0.261555710793614
0.411402269081033
5.78395200119778
5.93921341650599
0.40303821893871
0.746193723232182
1.02333139294911
0.00846335312019297
6.20336779986233
1.12305974087531
5.90546709117264
0.0523971341464247
0.368624840724887
0.532587681652779
0.522121199526822
0.206437701619263
6.05893342362948
6.24326334289751
5.53819786329282
0.421722605140646
0.461564883075848
5.71042526570263
0.341144284107166
5.67078375329644
6.02662765869205
0.360849755545363
0.844114290799325
1.13968351726703
0.775161907888184
1.02868269236471
1.04419859771346
5.7817123620851
0.0696680989888501
5.98254388177352
0.332769231805857
0.760012905966277
0.73964505637956
2.50531869250056
0.0232257679477046
6.20350395098399
0.105251286262533
0.520868880175893
5.65443814612629
6.15997445445981
5.71252521665565
0.0294707346302006
0.48023484417975
5.24984064544606
0.38471548399587
5.80252309853175
6.04755611932715
5.63310831917317
0.26565735232966
0.478338351385979
5.41529393578358
0.471380917147186
0.771638489511244
5.73139450356114
0.402424888742205
0.307823592264552
5.44984476631908
5.81372433312631
0.2629790946638
0.709230631149241
5.04352391905692
5.39350207339442
4.52290493759907
0.199744503756415
6.20228900852066
0.949766044622288
0.398206289561366
5.94649029296541
5.49157436197025
0.0113082803682878
5.93906139482178
5.61698763753141
0.745228116201432
6.03768214099371
5.44081565944921
5.4866251379262
4.93537074725312
0.12129373708086
6.02233509284004
1.01204280770914
5.20523970512361
6.23040271375408
0.136929744282008
0.431748051671914
6.19408176602915
0.0278688527801245
6.00540667747071
6.15437646913101
6.06362315372091
5.71112068818651
5.0735839248872
6.00436632771263
5.37846329486198
0.462943777549302
6.20342295038235
5.89083171053624
0.590766952446285
5.62583684660849
5.77663355684214
1.59346296536174
4.60632482953196
5.7710188121448
6.03121656313798
0.376423197678142
5.75525799701939
1.17779963959123
0.289155773762604
5.98675310506598
5.02375208218242
5.90580904270588
5.91472234297718
0.148782358884042
6.2677227811387
6.16334884956562
5.56182206443845
5.0996511092311
0.55057939508646
0.273417472433034
0.0587853280962736
5.75478678405447
6.25380641337467
5.67471914828703
6.20458951543332
5.85375134191617
0.0635457952937517
5.95687737519097
5.79363153808661
0.0659950442145774
5.91348159619482
0.47743858127706
0.0651704649252669
5.70261915679963
6.17413498746975
0.0414446028882773
0.135744468195162
5.32954451314658
5.94390304984652
5.17456244444823
6.10694182817785
5.82056474743382
5.92536997133551
5.51108024850651
5.35749176203839
0.0137678433185511
5.78650133297733
6.21852300854941
2.7819061574774
5.69535372321671
5.56662920243365
0.000768519200441631
5.54023044398244
0.478929852919927
5.7220659035382
5.77755708976722
0.0846578299854852
6.20559776030482
5.41887171147956
0.128522984327212
5.90663995940611
0.607498518363775
6.13973963068039
5.77650102104857
6.10206801034363
5.74702955402331
0.9821552454786
6.24987646110013
5.74263246701966
5.58765149527475
1.38836789696166
6.12587119309796
0.244571908357329
5.90026836860523
5.38570179372989
0.66546396717776
0.0811809012307818
0.00794375006575443
5.4736356418222
5.42491319874086
5.90526981471389
0.0213253628230698
0.0390367214925749
6.03340520947945
0.992214382123354
1.05750584735555
5.76089170384005
4.81916219654991
6.09731771303921
6.05777376195441
5.63613015007621
5.46936907073313
0.1816061482579
5.66919869648929
6.01513272398947
0.3266197514277
0.00585411505427746
4.71383295896351
5.78892168558924
0.339098891427405
0.107453803551583
5.87742674332503
1.22858144155313
0.110677496911234
5.72447122356747
5.59472854170226
5.8768365328307
0.0126483970838245
0.398789188172342
6.1890347088828
0.0683604030395024
6.09503437457715
5.496226702491
6.10651074310136
0.0136561334469922
0.475591964852836
5.50711894082126
0.0631169980706163
0.0723474445403833
0.80107511566271
0.143386476658822
5.89574287676398
5.67546254576895
5.66647604799649
6.24516184354753
5.99331488167334
6.23120877812312
0.0304172441185528
5.75967216618428
6.16284008958204
5.60671923724289
6.06746900731348
6.03820180335748
0.636963335650122
0.0308343752087259
5.03869015778765
0.0113887203136804
0.00227788216711033
3.71856175112863
6.20062728186754
6.27699863179288
6.21273173876735
0.520512955865237
6.17515194066611
6.10723347094965
1.85193429166829
5.85262033955267
6.06735432957377
5.72869340270841
5.89212523808305
6.07202706709188
0.53680314950287
5.70196581377374
6.26957655011807
1.05622161655329
6.12116425633066
6.18691452093833
5.93558310841112
0.462942456347918
6.10286871680712
1.54298202928736
5.70784802166578
5.59989927268587
6.10629579254179
5.60777922760999
3.77985820818303
5.69887588728438
0.380443003168582
0.551895597081104
0.386800598429899
5.59917715765278
5.85427594403013
5.86921567412448
0.478118546839396
6.08537312453343
5.51203264493495
6.02999433482587
6.05537062158024
5.87764113115077
5.38920349572279
5.74656503123262
6.2197103075521
0.994081903059822
5.70887983681529
5.26570227072563
6.12661788553615
6.20297400071099
5.54290467577271
6.24605666912287
5.63062483010381
6.25636319347484
6.03373972497208
5.45870019164868
0.829143780040218
0.0465660998379169
5.74667112368724
5.88985826256691
5.8629379837925
0.0342835565948985
6.24649514976448
6.26458719834887
0.228625934367971
0.621885712153006
5.41374230999054
6.17404048324129
6.0773743503865
0.0175532768127775
0.766719445424999
0.69357527350641
6.11057463288195
0.513734734897651
5.99208300226945
0.481134938480909
0.855163852539806
5.87489020900193
5.50912317930803
5.89819255412765
1.90624515478042
1.1360525107628
5.35802293763982
5.96249095789876
5.91821771842073
5.87853442249489
0.263753301825367
0.0546047127679077
0.063680802751712
5.13168306977089
0.158486338045007
6.26259043481994
0.747454977606987
4.93724587073705
5.74834278764834
6.27460601612075
6.23647808164412
0.198006614753915
5.69365535239025
6.09409401170628
0.0027241916699241
5.86163838600516
6.03738274985576
5.76215452264578
0.365102311551759
0.801120273589753
1.06461874141631
0.0380818956440332
0.796740881212489
6.23154951631431
6.2364486144797
0.402860661402185
0.851389253361485
0.607252538012561
5.96552241213064
0.00966396054664598
5.3698447991371
0.325495381754596
5.52719083038769
5.50326009966515
5.53109191421726
0.132879149963626
0.128470550418438
0.922594291094862
6.24563483305172
0.177470312678348
0.982364939784429
5.86765114157452
5.81613113245736
6.22219167116076
4.66508018640921
6.19995522657327
5.61522044965487
5.56025026324255
5.8071728216796
6.23269720497547
5.45569669833455
0.0244394227326676
6.25203733408428
6.26229447608087
0.172058957256604
0.0256003916036018
0.00921605547048987
5.66457304762577
0.268831511526235
5.59833555603162
6.26437424259947
6.07510674830113
0.416042174377296
5.66969135623327
0.234733590560615
5.1470435380565
6.17009518285411
0.512760246049892
5.66214068391823
0.984397634023841
6.1125079790315
6.26813712669257
0.257548990511248
0.372611916000695
6.04477747901082
5.97051387234326
6.08382828873419
0.238841876061997
6.11985736859948
5.50347353504648
0.219663354631637
0.0287843866201998
5.05209030358862
0.743624192201248
5.96612101794327
0.142290386173554
0.034073106318468
6.16998433094776
0.0120639051822913
5.90380524950777
6.25115754796996
6.19160180999725
0.800548949125258
6.01957613970879
6.13419931153676
5.3695383858546
6.23879696033321
6.0491233099905
3.08506496247592
0.718048601573889
5.89864913591119
0.252591713767925
5.93978594056203
0.608861126051567
5.94393591744357
5.46954900729229
0.385192198102703
5.4820226493543
6.28148346727487
0.0171643631844818
0.264842019382042
1.18414409585743
0.404000083186413
5.96574808404581
0.00122943950559229
5.85092333272669
5.6174319787053
1.35516498269376
0.0334204084878795
6.17864700524067
6.21179459481076
0.725524126583714
6.13206755255868
5.8205093049646
6.23656837012108
0.94949231549577
0.559694245148497
0.790236329259939
0.244973758712463
5.31699363049645
5.95722761017968
0.337885852974713
6.26277922054308
0.0158798515567664
5.5750942139412
0.705907954091646
5.28753180007564
6.24843365355485
5.81521334365285
0.567523152840963
6.16006234240958
6.27588099043827
5.71077662537963
4.87923102664506
5.62668637992352
0.660728774349787
0.741754331868725
6.25401783976513
4.16781628944818
0.987054700755824
6.21850723384919
6.27038081521889
6.15424002440844
5.72737084437406
0.0800152689214784
5.78034449545554
6.17266137642863
6.18346049971366
0.198929388491356
5.8617872853892
6.13493165959139
0.829006475361597
2.89797304063612
6.11503161519851
0.33896697498277
6.24657510243491
0.501009482802708
0.337007756518522
5.96880313236222
6.28295220420403
1.36531774237395
0.0708389475730202
0.125511764389579
6.25166954476449
5.35858077945159
6.16598217639582
6.24042557900253
3.22826101268299
5.09073732086368
1.05716259636649
0.967334912498997
5.53326139855719
0.224509290831286
0.302587928663056
0.0519874861574792
3.17593764690725
6.10995252758562
0.370713141570789
5.92958397021469
0.88277986661628
0.46445539087291
0.0669557715023323
5.58442800068405
0.043395440649272
6.23873641662288
5.37991688067719
6.04078240467453
0.773376930792537
1.35019076918089
5.29896131529693
0.428420531636953
0.448386358079748
6.11973442974463
0.758162664589554
6.26776585404413
0.368106082938279
6.18336703002536
5.75472188054982
0.18464027760216
1.16648313445415
6.26046782019706
0.0700017871575032
1.1241404635552
0.785334529209411
0.0263719407538918
5.97471894088734
6.25907769344413
0.464169722770287
0.773047240453918
5.06917625276121
0.601303858534157
5.9626452971818
0.674127815061723
1.82966671645139
5.32532097053736
0.0423788471350557
0.00961840048209517
0.446394416245367
0.975928771202557
0.429965801537246
6.11555940118054
0.243845156107814
5.59819596703971
0.797294561027234
6.12550381836274
6.26128150729635
6.16939126781339
6.1892766460384
0.159425551701656
0.434567641899341
0.672586657088818
5.1483705503817
0.114985859419217
6.1197760907698
6.15459315666874
0.606083144397151
5.62679820650185
5.24453541300185
0.691014943220784
0.118120286937407
0.319016323234623
5.64449750213612
6.11778674341239
6.19381370681796
0.302785123825078
4.91758796220286
0.833431190538853
0.310861632046915
0.464353720743699
5.69067437921608
0.679316818571799
0.62125430816498
0.503514584070784
5.35236454913203
0.583007870324475
0.0815468331218732
5.61582128439377
0.212494063733826
0.0226816565536385
6.16213772779575
5.92868403393111
5.53512435206589
1.18311601819133
5.9894880169772
0.738170282573
0.458628484653948
0.485262082604989
5.67855641876061
6.20804498974653
1.60028794242016
0.273362108747635
0.145977990273235
0.728815762959542
0.197723707398022
0.996321637706624
0.564179606592417
0.453025243460747
0.245971381643302
6.07717348581453
0.100380088970292
6.13400745237301
6.24206998842799
1.06803284109024
0.660456173328172
6.20189875042888
3.75914530792046
0.421706641771882
0.399805915254554
0.416840423124649
6.26827156258382
0.116851902418173
0.436069200545866
0.9402398849883
5.59365947693832
1.81706520931449
0.607867407237458
1.07825815665224
0.402749166173576
0.316352176387568
0.31393358746497
0.0713861172753703
6.2806742149607
0.565446585221382
0.605608327271713
0.636478356292026
3.41698805732044
0.0125944271799163
0.29846353919093
6.23143982274243
0.257977223134572
0.686171511318367
0.447449273085861
0.646429699962456
0.541411677865211
0.772986534726277
5.35505743127921
0.611141947977327
5.31980108390946
0.549558796870381
0.503399698217081
5.59530178956321
0.977698313454305
0.602439630457214
0.0315953536270319
0.07501658502715
0.50153410830996
0.169495835774883
0.09573863766306
6.1584876838754
6.1070819953699
0.505664467685132
6.26777408968005
0.139229341781469
5.897871968548
1.58107575808594
6.22356569614135
0.258334068218894
6.10128762897115
0.200553073037694
5.28797733682127
0.656669239881005
0.588265518805712
0.486448635797201
0.0839862373319047
5.98696353539077
6.27555657819871
0.717145113527357
0.0150194117460289
0.482325918188387
6.2144696647273
2.5775753525481
0.0151721934509865
6.25286792537892
0.551126232156292
1.33162721763064
5.52831978274405
0.47866374605708
0.615568752291745
2.80628036837896
0.0816245770409347
0.0455892087592042
0.0392438866059575
0.277366873320004
0.390448797596063
0.0151637839542573
0.00304220895507257
0.00900901025303114
0.247379231879638
0.608148015698434
5.86655833797955
0.484061039554364
0.634443408199974
0.48019006762641
6.2705897959668
0.423817005368123
0.284517704396025
0.120021882031065
5.99122836100525
0.282596259025926
1.97119839091863
0.966276763989208
0.314662637705011
0.293865254927821
0.936900457005242
0.111329875485131
0.25537743008398
0.183880772626108
0.370726106809046
0.881210985175043
6.20591863645841
1.22488925555855
6.24864566456694
0.192675111445544
0.418728799511801
6.19315936273543
0.323100107856721
0.0820262094221231
6.18071313806028
6.2194443236095
1.19025091465691
6.04287906519063
0.130001250280548
0.354942862810841
0.799266267210974
6.22090409919098
0.358904890767493
0.272707464445847
0.324423517722774
0.203306498993729
6.20628387208953
5.73555219142019
1.67848370365946
1.58063197734597
6.09430551723102
1.39925745630935
1.20608210701862
0.76855898300037
0.473760693737708
0.68313600095861
0.438175724381138
5.97953731933304
0.641400583421838
0.314379075688473
0.613757020092733
6.24765272797931
0.208504628284535
1.29908671232971
0.169808414352988
0.351907739642305
6.18111938924465
0.294094276492861
2.50170428004874
0.0713908787174082
5.97008110685893
0.439344940920161
0.303092411143146
0.41873319889842
0.230425181411329
1.91192337665415
0.11278377104985
6.15926241845367
0.130571114863008
0.541858638805122
6.24438451544999
0.109424899978227
0.660095421215093
0.488401611782273
5.8910718225686
1.00110523492868
6.18129471171829
6.22661243200866
0.255387397255859
0.143336435647812
0.360848634810549
0.585021758824748
4.37746079986427
0.477762507290144
1.18974785164382
1.74148183898606
6.23462579448648
6.25458740357819
1.16614368193332
0.548713019978879
0.259362883629115
2.62559354022986
1.50295038002438
1.36738396940515
1.96155755076742
0.233435566408779
0.271210913541512
0.651803199088398
5.89884952685744
0.0374924846372968
0.11496171518232
6.25126676672529
5.59794913538232
0.180608414589324
0.222092639322028
0.23101016254463
0.0934377374877116
6.12239361625877
5.78358994162888
6.25635756438735
6.19679627254818
0.644677669297633
6.2679722594426
2.53228111887627
5.99959432480827
0.41617867534319
0.0757047950734773
6.0025082993976
0.794486075859424
6.27571598528446
0.143534125840624
5.44841609787923
0.214271932607776
0.316378401204513
5.73198835874055
0.0164399528829584
6.2754665701851
0.563080958609498
1.3382657635056
1.75981334796534
5.66229273145607
5.69584556825794
5.72134567544596
1.81401911018265
0.754385405041102
6.17948854861624
0.963808581402113
0.110849804483905
0.830201118133312
5.87887720458298
5.20022356912567
5.07058634292725
0.086545549061082
0.343947779341292
4.49668690732918
0.386099998734275
5.58754560095027
1.21854222451936
6.07911816938179
5.6978060144363
5.94345089603918
5.32932983731925
5.78224362070045
0.177619622454152
0.646291035300044
5.97222081004957
0.59354854152814
3.44751545814498
6.09947121572029
1.69881874776645
0.982813091101548
0.812476252137225
6.08329270389246
0.328619634743334
0.513253907749292
0.0883086712424932
5.51280424612793
1.20431644784099
6.05735740608439
0.66882389617831
6.06874278510955
1.15368265938672
6.19170364954308
1.27742559199903
4.87138444577008
0.170991036911246
5.91352043761982
5.97938692580517
5.68011330083702
1.46354668208183
0.181339973248887
6.07913262007221
0.22037209020146
6.04759158634753
5.68535141351423
5.58576343061665
5.49396661748556
4.82082808217237
6.02925688372942
6.02743388456294
5.91373641538207
5.37458961960647
6.01713843051715
6.22277728738402
0.470243458028619
5.25718733435582
5.39702123254089
5.82003043350288
6.25374995419673
5.53251259703198
0.663932152772439
5.67482071079425
5.66810163026257
5.49518692111462
0.407754176973175
5.8433940446968
5.80239491644723
0.178423603676966
6.21638305752877
6.1875000927449
6.09283758730276
6.02832624473547
0.380198469945044
1.28417988884831
4.29061446618779
5.75324808264148
5.89518822492685
5.82990036284963
5.49512374113784
1.3780991978096
5.58208351813248
0.31987694164135
5.85170279209091
5.43409239512926
5.80079064943141
5.68576173187177
5.85500779819352
5.85261302452458
6.26772941184931
6.04288946957038
5.5672603627173
6.00330879035292
6.0781845157251
5.88610920476651
5.57664841931282
6.15254832259037
6.18851719013941
5.60430281373199
5.56344046637404
6.13209886238663
5.6906426658917
5.60986527454416
0.795901726532167
0.692516003662862
0.125155965837605
6.26524523389582
0.120749114261811
6.07456766193297
0.0817638967717116
5.8079278260503
5.96129115996321
5.94365221223886
5.8505226756245
5.83705548192536
4.84672227401864
0.0817332588628732
5.94775114800098
5.73311019166723
5.99749262602423
5.85810264474785
6.25519802132632
5.66894072905162
5.1965989378649
5.48094657245441
6.03701076283805
0.332463993217861
5.57995015839167
6.05045621600543
5.87805485226318
0.0665409047659224
5.89156376328682
5.80148294735057
5.5953726801481
5.76283136975537
5.21908045414769
6.08832998803676
0.000346415101650344
5.8534914261234
6.07709462946365
6.20796396260458
5.48281765310825
5.89310994351061
5.82843571126188
6.15351901298356
0.316873051061823
5.71790089333296
5.50425023989942
5.8498566790889
5.8748258236492
6.08929954833642
5.55516122634266
1.12804063377718
5.89320577794235
4.38780011177469
5.44570905311497
6.0379629500735
5.9230236081139
6.20747750607431
6.26141681564367
5.79810959396701
5.83503711592317
5.74152759159342
5.99558850352337
6.01987586729321
5.88634105402914
6.21669345658143
5.94928937528399
5.93986244660794
5.69593904278149
5.37862211123533
5.98820636831908
0.339522009984387
0.0354438987329155
6.05629568279257
5.67511530599756
5.11164514103878
0.828718465875572
0.0203178369769681
5.99731530027643
0.76753704336022
0.290634132047368
6.246711414125
6.0712905926323
1.24588215643866
5.82164414114152
0.053051460465209
6.26627611639071
0.413345553693325
5.43734987859152
5.51525734815827
5.93353052053469
5.69805601527062
0.0274256818191265
5.88839435204747
0.462820005313028
5.53381341966567
5.26684568482432
0.0959289436639903
0.0150863619852046
5.75934822821299
4.74969789950775
0.0354963410217799
0.086851276082708
6.01155871343088
5.84630311696789
0.0148388367434347
6.13169376971751
0.698219537817367
5.72476121744365
5.97696088889033
0.159326713137887
5.86350375870157
5.89567591529669
6.06080487017335
6.02149927400646
5.76937698735343
5.64029532155601
6.00082919989826
0.0180856158623923
5.97242011004907
5.59430570534045
5.96963173405386
5.94531087677385
5.4114890653829
5.84621051326388
5.27190823886355
5.99970748820396
0.974090477112596
5.47096720164254
5.83961661355133
5.75175577638283
6.23894085022925
5.02375069775408
6.02827899369727
0.0106630409443813
5.72638759849675
5.72106841380426
0.0993220874695675
6.21974066158334
5.3265967904857
6.2723456943071
5.86631435112098
5.62962831991878
5.51939315793555
0.0215789771426547
5.87764786522087
6.13403148073675
0.84115888039383
0.0145898493684582
5.89942689094836
5.98165638724824
5.13409247198525
6.19411930694082
5.70929367422179
0.52939212026858
6.21553731706635
5.80578659144835
5.85196753689701
5.78867962514388
5.80022501078952
0.312548593895306
6.19770327355611
0.00195930649072906
5.68521271503441
4.33493353551152
5.87397922177723
0.36297641434506
0.117254883768596
0.0672309968295988
6.03586382612809
6.26209731375146
6.1027916840642
5.89690581481799
5.94852810089145
0.163387952544545
6.27494106080543
0.309751768966935
2.51969545909223
5.53801756744555
0.973339194090758
5.4317365746008
6.23893161867295
5.14751685542571
0.445902382259948
5.75383184812471
6.09522268893244
0.265335726612385
0.407571267821564
0.73734189694007
5.5451333356889
1.21751806437212
5.42584872102429
5.85255948769966
5.70658980381419
0.682924935169455
5.78822239821116
5.46415358929056
5.86867540934733
0.615287009918194
6.25150937610508
5.174379225066
0.318079862751532
6.26050148049178
5.70027342306139
0.622331490686879
0.597173616313957
0.475728341721403
0.290062765645141
6.24927182358775
6.20099337142284
6.03857811365515
5.73391452959445
6.23830816103462
0.310039263020875
5.64478030449865
5.71618146573229
6.14991451535454
6.0293318620818
6.2475358593005
5.60265137628407
5.80791753512866
0.232577048016353
6.25454729138164
4.78221303494735
6.05372945744109
5.88341311997444
6.17701753382247
0.751671867613029
0.516894162418181
0.702149482790325
5.96547094354485
0.152248788528698
0.748650637774529
6.04544095692846
5.79107031514881
0.478227102916572
5.71262458907039
6.27632421561413
0.899517887757936
0.407548871634983
5.49661293181934
0.895005255321029
0.0415252505725725
5.82751263472198
6.06034362610882
6.22447124975117
5.98976933047559
6.2375046539005
5.85637522145518
0.258449621643831
0.0815427820108052
4.34995878200132
0.885266237168523
6.24880063070021
0.340202172664928
5.89104535064673
0.29864083765494
6.18382885350586
5.80728552932604
0.208322465969895
5.79651529328787
6.21866897403684
5.6113776672549
5.4068345756646
3.47309322880212
0.479804337839243
5.72580895431759
0.694466523115965
5.27184882123553
5.83970339178542
5.41207028440687
6.04923229732069
6.16248149988696
6.16467073542005
3.85137764214226
0.729813440877141
6.22674577041558
6.26010482054963
5.97609183623645
0.146098602284058
6.23059844887936
0.772781324866477
3.19788720782789
0.182885854483143
0.241470706347821
6.26829722321593
0.4834237311409
5.71060009598307
5.00236393850756
0.203227461004117
0.0426646479129689
0.234393320618867
6.22718259280803
0.0101130214885581
0.252105664150364
0.379469038385218
0.398393826320774
0.205279015501164
5.40116997760587
6.17001680642482
5.33031662481028
0.381269386283249
0.112190937011022
6.19415285653635
5.57109575002815
0.31674831097127
5.77087516879453
5.6146405706764
5.7482677824765
1.45572496352952
6.17111249237309
0.233499941278643
5.95077666444194
6.27342669439437
5.85211172000331
0.64341789545146
6.24521664771421
5.74383779604694
1.08038047430998
0.627039688638533
0.535656886076286
0.861303777284533
0.0946179656590926
6.05051405541465
5.92766514008983
0.716235616799088
6.27837391013016
0.125029836079563
5.63620682663781
0.311185045214607
0.1774507832815
0.170330246189081
0.143212774482286
6.26442595470111
0.260432054435878
5.40004997753653
0.0355814443810374
6.11655098005825
0.384928806671057
0.653905042157744
6.23299249007276
1.08058462691763
5.48154306795156
5.6966972351228
6.19825093697439
5.40109492803449
6.19477504112232
0.293601706495233
6.24609988077476
0.469154735607278
0.451136804703873
0.188473926626702
5.67514197596839
0.908384783358677
6.19886072244974
0.795752568650169
0.52973388893365
0.349836988568127
0.409699605017536
0.540711988511913
0.224412235236263
0.0994308083757209
0.540081324876825
5.47365719439097
5.43759798121406
0.620024675846329
6.20754519012308
0.395242931051246
0.570518477875598
0.602070363757995
6.22249240806977
5.48929198618393
0.0366817401936377
0.68318831108675
0.326559545941215
5.8096738255842
0.910183802044162
0.199727022608219
3.32344960848045
0.320640191783271
0.428351696051013
0.313133243183013
0.00556228377773138
0.390874984893895
0.733280214248521
1.00139969993771
0.289908336664483
5.76513933881977
6.12034864914265
6.27810199578848
0.71751187621226
0.351579424860687
6.22420557335724
4.90864851085123
0.833823006701832
0.315175035808386
5.72131507066211
0.387086851157185
0.261160856937895
6.22609585775679
0.0981299624607521
0.614153395582665
5.77926773865139
0.195940201530226
0.0435090401725073
0.512140431128404
6.25699606858494
0.145722335488262
0.664594010653084
0.244767450991826
0.467148779107977
0.954823525625873
6.25380742935873
0.703784999032329
0.808317540677142
6.1852206174507
0.183433819937192
6.26403900922049
5.53306252962797
6.18574548067145
0.848180113684645
0.440746995179626
0.369909691109831
5.36644726486818
6.17584263216959
5.12411767774331
0.52772227292901
0.26327327790754
0.828318423623791
6.28247592253443
5.56383856417012
0.814046147927317
6.0833223030597
0.714432882729855
6.24390038400436
0.623477127038671
0.124616773546542
0.21434576904929
6.23266613752899
5.09661529961603
0.510345440426079
5.05271394807913
0.722912946897416
6.28002389806555
5.94026584767854
5.85917837918186
0.570871735273434
0.511616653297332
0.300011185263437
6.27209205028904
0.577530476032953
0.420901333184333
0.0835362218557432
0.591982629490492
5.47593578796312
0.454264883439761
5.06335705356254
0.08744892302267
0.483652080607188
1.280369901315
5.64725236051865
0.99826667904501
0.493356893609535
0.181338106586248
5.53113281954443
0.49701666790138
0.502654637200986
0.274448171534247
0.922139243831803
0.0921447639594142
5.75160182954824
6.04610276032104
0.0212984850950253
6.26281220033723
0.278735025318174
0.869822278422941
0.462406144903292
0.293585055381586
6.13577954674741
0.739159100549811
0.421476930610151
5.22965628350663
0.527114024762867
0.244683782241846
0.356288598919605
5.65255970315808
0.130103528804026
0.603339131349239
0.165350847385786
5.98426171027931
5.22455486850648
0.734166891061887
0.539268797694572
0.0497979773330597
0.507479163452341
0.389917231198003
1.01129082486592
0.3212552713884
0.538533949199362
0.0944548636398803
0.919120390773674
0.973423738797331
5.74267876769823
6.1204818653712
0.714324924219975
0.541008460072196
6.06951534801133
5.70010778540447
0.295726197144152
5.95863840518007
6.03285168393402
0.251342588172576
0.0257451584034349
0.0796497354743231
0.217856100703854
0.507376979085814
0.379825230062862
5.28991596299259
0.208626264475835
0.958140432435961
0.129415008247952
5.53772292831696
1.50947869822916
0.643371838934294
5.50082184975923
0.476051900481042
0.43394400767579
0.588447558177105
0.487266697359184
0.0382007786959786
6.04998723467999
0.505209420678946
0.38131200290198
0.309055581472244
0.550448956117551
5.50572814827364
0.746102920283611
5.90132097024907
0.276447895770256
6.23072404388211
0.607481667793632
0.343738726348262
0.217765855377332
0.649499391950612
0.445245442498945
6.24315980157718
0.401252022204356
1.58248441215594
0.609413705747211
0.604070304231803
0.333697027576412
5.77746405342563
0.0569150084847703
6.12935143864671
0.342528653036002
0.497115552697802
6.2326067770325
0.494450349872706
0.613447002731053
0.625068381487904
0.131529700999266
0.454483263551261
0.571624415428698
0.385190376628695
0.288873370404824
6.0519576455469
6.22919814805726
0.245564589636917
5.71291294287732
0.258216933688431
5.41890430461602
0.518373875579184
5.97685682452192
0.283154549327952
0.309666973974227
0.325679067302154
0.97711359225115
5.72627899920305
0.859948659028255
0.630255353509897
0.0372019855706771
0.448851106713487
0.3070651969962
5.72434010825673
0.311814896514869
6.26758734762378
0.0942016971904787
0.534359854554476
0.204038667879166
0.771138940331467
0.185042303007847
0.289367129469179
0.639712376111954
0.669426244530396
1.15761479314153
5.55739558897301
5.63087067160506
0.0788977751226536
5.97156709569598
5.745597325944
5.76776935423617
5.61632684387082
6.1229466469455
5.87975439258191
6.215743963738
5.91308338729648
6.01906760947467
0.333890647211536
1.43709990565203
6.11036500345061
0.316301130315496
5.88795123608946
0.0214345296931517
0.213912071577956
0.294256502826442
0.503305978849487
6.1016577878165
6.08333088534986
6.2545105895807
5.90881064865049
0.718693700037132
0.0102540223619174
0.798364203522527
1.70738326426667
6.2509478928852
0.370759673405949
6.27132929995464
0.208190958383874
0.355144517325623
5.03464637089613
0.639553807588733
6.05284081720176
5.95204087169924
0.0867187903382698
6.1452896721149
5.13252342149343
0.256823038349376
0.034016233024655
0.0064836931787875
5.83266766594274
0.518332931736604
5.66702948748579
5.29638437356799
5.93837470956576
6.17914005695097
0.261704116806123
6.15281079152955
6.00973785505736
0.267298106809715
5.87008578862308
5.47063025253585
5.87006194811844
0.387273445886416
5.83044129403732
5.42061284483051
0.114329556682923
5.46069020215469
4.70725083647227
0.347108827801959
5.65198537506158
0.0180154513644553
5.8119720512557
0.699553483908761
0.0143405882119989
5.76179538592237
5.43631553946963
6.11302029987708
0.238417194292159
6.0064496301675
0.275915240494692
0.134584205765725
0.440079088807824
5.98448579376014
4.39108057764002
5.20004312605128
5.94399425703774
0.0649440015140614
6.10866723793272
5.49979828053716
5.75774987728808
0.0840536452911245
5.87693668905981
5.79914467429884
6.01550173560548
5.69820722344402
5.31809490885741
5.81609067914192
6.00397564764456
0.0267693067304213
5.74450374767583
6.07562743059337
5.83696081533086
5.23032682564664
5.53090933032135
5.5149165891379
5.74556916822311
0.0991181136571457
4.8172259458287
0.352295765151871
0.091654382696313
5.51777608593358
5.81331042117579
1.24869415696808
6.22608213461048
0.483565500890353
0.986681298637323
5.94479961171478
0.77490153002925
0.511960343057464
5.95931754109905
5.7193849138226
0.233358172988323
0.247609356548202
0.028883018635149
5.4936758608888
5.87424605742468
5.6134729975152
5.94873833736589
6.09201343038122
6.11837396778372
0.195610523858967
0.47854251058983
1.5518606505293
0.705627098085552
6.02223286871579
5.71619799496858
5.98253999138176
0.330569053870993
0.258153871899021
5.83009630959799
5.72498833059372
0.887421618477569
4.79062335333194
0.694253397013977
0.118374801302221
5.89794943970762
6.04044677809111
5.97322792590872
6.02088109663652
5.77077486638431
0.0467109758940358
0.604192632297927
1.17521252622724
0.0026178547028648
0.826977137274869
5.95957194281621
5.27444100384894
0.104306124157969
5.98320452597468
6.1888519834024
5.88330463513958
0.0223734071882351
0.233352730351667
5.7796277290314
3.66670769693632
6.06754790795394
0.666325906548795
6.07606840366474
5.83048145089359
5.24678256324364
5.88620324786587
6.05521716124317
6.20009080428837
6.27619599653356
0.0317759642255435
5.28220309097897
4.77552633241416
0.100578365686871
5.6121748504048
5.93862585450387
5.77958125793354
5.63848399860595
5.82873432384814
0.428636361440437
5.87413520257695
0.0829364568831812
0.160921531900732
5.03971157668976
0.56604685199697
6.11350060479286
6.12627169961671
4.71958092975533
5.98102109303821
5.51925701381366
6.16194508550325
5.93849563882962
5.75129689688699
6.06906870406493
6.17324057528728
0.0843171472585302
5.52955640486251
6.06286693202043
6.02109952550083
5.84464235039581
5.8289782720244
5.54606537818495
0.355094775141868
6.0995336004922
0.282700795723657
0.00558911171762766
5.8905531516082
0.827005612234787
0.172594232701275
5.38229868293571
1.53598060072738
0.546484649334615
5.79766579721963
0.119055078194797
0.37981350372008
5.78061452055702
4.88998899958221
6.04611914075501
0.239416424406469
5.72480442654437
0.164628475681802
5.79944395771491
6.15176173834883
5.61186796142447
5.7829927754476
5.68555990628183
5.91470525914784
5.36748215377538
0.894723655902454
0.00577280369822031
6.07752749884815
6.13074709060135
6.09209388261415
0.286332963042155
0.103257747020922
6.03292578087024
0.41708009790694
5.84787987912086
6.04834352569775
0.443603075761152
5.7063639484047
6.2182007785042
5.60231691290551
6.10954461411294
6.18194853240934
6.13610326512486
5.78667807057158
5.73494951088465
6.08759044481368
0.0356924518231372
5.54981787463457
0.117140109648894
6.23734668309902
6.08560212895997
0.0661415603002142
0.086459602662023
0.575172729867295
6.075205112923
0.118548513092161
0.136110270452489
5.97890017746154
0.282289961947152
4.9910655619262
0.27381435163509
0.820197645784238
0.0363907674832191
4.80524289301277
0.77438278517326
5.56146555879716
5.65857336251256
0.844699263282479
0.281842229323343
6.25351798280128
5.70878949515465
5.93353073990573
0.769915402864171
5.57351025442261
5.39903601416359
5.71537546093124
5.97629130302152
0.625203982787767
0.506129877890344
5.80171814371741
6.10392141052441
5.39099993796726
0.392587553119712
0.176375469603412
5.60369575300861
6.03070247134421
6.0251932511946
6.16116375928315
1.35632746829413
1.08447138987173
0.103953732740141
0.212240350293889
6.02030698469007
6.01500268148982
5.67057443821042
6.2029003709005
5.52387692085751
6.25699701447141
6.11946774406526
6.10526660015495
6.27284768139664
6.07780014431193
6.17867218264881
0.294265481723672
5.8331228443868
1.0402210487709
0.952869959211576
5.53802218422124
5.71639755959429
6.02539194910464
0.668681546070057
6.27966277695259
0.644256178032296
5.8917314063984
5.83376727293095
0.480171122756735
5.73907907594481
5.77605223187284
0.1325716865291
6.17211702206938
2.03305460841828
6.01197327589112
6.00272485995703
0.743811188458705
0.463318864139874
6.20696141217794
5.54296123776099
0.789575892672894
5.79304309477575
0.368829871039234
5.24467003033646
5.74814523544172
5.92125116761884
6.01165766474105
0.883161642538179
0.904942795856094
0.0879746998380853
5.61214790081559
0.0477513730945978
0.0583506278179122
6.16596525310947
5.87639519313441
0.469050965403484
5.97388626104685
0.0571252507690501
5.64801439408641
6.06951611092293
0.00827123008685593
0.0594975801140478
0.19662665317872
0.0530992085172413
0.887394745216697
0.0141674824834794
6.0290159677818
5.70041168783751
0.0954961675240726
0.0283228143550414
0.680725338691407
0.029864984954032
0.547348886468691
0.427640866191232
5.5904394105055
6.20083063237556
0.236295977091096
0.11192188982175
0.979404705010484
5.89255810788525
5.90229895971411
0.0691253822500375
0.084404856811104
0.0482927540252556
5.43942483437805
6.25686499093192
6.03626813722739
0.0458978937016008
0.696209893340187
5.90953928138491
6.19373679766839
5.95494035302512
5.51052413498917
5.97565215084514
0.801528820212469
5.90670222728261
0.222347289027503
0.0215007864901606
5.61020529358113
0.310929066771066
0.596896736087925
5.95479455569013
5.86414488215466
5.85839818913989
5.93482997646316
5.97420294603928
1.0404542945366
5.97770668649018
0.227937284601406
0.377979319150865
0.0751090771388068
0.0107404938649678
0.0899884860401971
1.064270408272
5.71670222462246
5.78682302463832
0.66810789004545
0.802187334401315
5.62411855443547
5.64644515524317
6.07371270182003
0.734092823972827
5.79400892964979
0.00656213310509912
0.0880047996325148
5.52827415744683
0.0162008693536677
0.0462933377648787
0.14867270507144
5.87509008748092
5.8986912942735
0.807653794137665
0.0345876238445406
6.2180292360726
6.24599104420326
0.76850367507447
0.693691348240741
5.78828258137055
5.50886523392996
0.271425701521297
0.0601121330690338
6.0837699529027
5.52143672014013
5.94394481557176
0.301046750670944
6.00949045105824
5.80575666916004
5.99813375130153
6.15732703936341
0.366411246396347
5.86890055207705
0.532259805187041
5.8004698265212
5.79064793245324
1.05049169457816
6.19094775196641
0.0376734034344253
5.72527909653092
5.38690307108837
0.309703591540752
6.19003268898774
0.147045335594486
5.69633473765144
5.65325103823506
0.405619635982448
0.633992745810955
0.00731094413794064
0.592766475514646
0.71116539586646
0.333036600515798
0.72432882847524
0.990882624740949
6.27927963696972
0.894915621656909
5.77385540879117
0.0532062346885926
6.16741714825837
1.35117577020651
0.96423281695088
6.24784314660601
5.62790880568077
0.3671931683644
0.83192084177821
5.88523395857495
0.231529043998022
0.365640380828066
5.31990188367155
0.979589920948694
0.108745915406991
0.0144248874532452
0.457832928456108
